10,282
10,134
10,240
10,168
10,242
10,96
10,248
264,5
264,4
264,3
264,2
264,1
264,0
263,4
263,3
11,16
263,2
263,1
11,14
263,0
11,28
262,4
11,24
262,3
11,18
262,2
262,1
11,6
262,0
261,5
261,4
261,3
261,2
9,6
261,1
9,4
261,0
260,4
260,3
260,2
260,1
260,0
259,4
8,16
259,3
8,15
259,2
259,1
8,13
259,0
255,5
255,4
255,3
255,2
255,1
255,0
250,7
250,6
250,5
250,4
250,3
250,2
250,1
250,0
243,5
243,4
243,3
243,2
243,1
243,0
236,4
236,3
236,2
236,1
236,0
235,4
235,3
235,2
235,1
235,0
234,6
234,5
234,4
234,3
234,2
234,1
234,0
232,4
232,3
232,2
232,1
232,0
231,5
231,4
231,3
231,2
231,1
231,0
225,4
225,3
225,2
225,1
225,0
223,4
223,3
223,2
223,1
223,0
222,10
222,9
222,8
222,7
222,6
222,5
222,4
222,3
222,2
222,1
222,0
221,6
221,5
221,4
221,3
221,2
221,1
221,0
219,5
219,4
219,1
219,3
20,3
20,2
20,1
19,3
19,2
19,1
12,3
12,2
18,1
12,1
18,3
11,17
11,15
11,13
14,1
11,11
14,7
11,9
11,5
14,3
